#Instrucciones:

# Selecciona TODAS las lineas con 
# CTRL+A en Windows o CMND+A en Mac y ejecutalas
# Una vez que hayas ejecutado eso los siguientes 
# objetos se crearan:
# Matrices:
# - PIB
# - Poblacion
# - Emisiones
# Vectores:
# - Paises
# - Anios

#Anios
Anios <- c("2008","2009","2010","2011","2012","2013","2014","2015","2016","2017")

#Paises
Paises <- c("Brazil","China","Colombia","Francia","Alemania","India","Indonesia","Mexico","CoreaSur",
            "EstadosUnidos")

#PIB (US a precios actuales)  ## En una segunda parte de esta práctica sería bueno realizar el 
                              ## procedimiento de extraer estos datos directamente de su fuente 
                              ## utilizando codigo. 
Brasil_PIB <- c(1695824565983.20,1667019783585.08,2208871646202.82,2616200980392.16,2465188674415.03,
                2472806919901.67,2455993625159.37,1802214373741.32,1795700168991.49,2062831045935.95)
China_PIB <- c(4594307032660.79,5101703073086.04,6087163874512.21,7551500124203.36,8532229986993.65,
               9570406235659.64,10475682920594.50,11061553079876.40,11233276536737.20,12310409370892.80)
Colombia_PIB <- c(242186950900.78,232397835678.34,286563105192.46,334943871931.75,370921320483.84,
                  382116126448.56,381112119657.45,293481748240.78,282825009887.46,311883730690.13)
France_PIB <- c(2918382891460.38,2690222283967.77,2642609548930.36,2861408170264.60,2683825225092.63,
                2811077725703.59,2852165760630.27,2438207896251.84,2471285607081.72,2595151045197.65)
Germany_PIB <- c(3730027830672.33,3397791053070.30,3396354075663.73,3744408602683.94,3527344944139.83,
                 3732743446218.92,3883920155292.26,3356235704119.75,3467498002104.33,3682602479929.42)
India_PIB <- c(1198895582137.51,1341886602798.69,1675615335600.56,1823050405350.42,1827637859135.70,
               1856722121394.53,2039127446298.55,2103587817041.78,2294797978291.98,2652754685834.59)
Indonesia_PIB <- c(510228634992.26,539580085612.40,755094160363.07,892969107923.09,917869910105.75,
                   912524136718.02,890814755233.23,860854235065.08,931877364177.74,1015618742565.81)
Mexico_PIB <- c(1109989063586.62,900045350649.35,1057801295584.05,1180489601957.61,1201089987015.45,
                1274443084716.57,1315351183524.54,1171867608197.72,1078490651625.31,1158913035796.37)
SouthKorea_PIB <- c(1047339010225.25,943941876218.74,1144066965324.49,1253223044718.99,1278427634342.59,
                    1370795199976.18,1484318219633.63,1465773245547.15,1500111596236.37,1623901496835.79)
US_PIB <- c(14712844084000.00,14448933025000.00,14992052727000.00,15542581104000.00,16197007349000.00,
            16784849196000.00,17527163695000.00,18224704440000.00,18714960538000.00,19519353692000.00)

#Matrix
PIB <- rbind(Brasil_PIB,China_PIB,Colombia_PIB,France_PIB,Germany_PIB,India_PIB,Indonesia_PIB,
             Mexico_PIB,SouthKorea_PIB,US_PIB)
rm(Brasil_PIB,China_PIB,Colombia_PIB,France_PIB,Germany_PIB,India_PIB,Indonesia_PIB,Mexico_PIB,
   SouthKorea_PIB,US_PIB)
colnames(PIB) <- Anios
rownames(PIB) <- Paises

#Emisiones 
Brasil_E	<- c(1455.75,1434.3,1541.66,1308.92,1354.86,1372.14,1416,1411.95,1381.11,1392.8)
China_E <- c(8398.83,8992.51,9828.01,10784.95,11110.34,11568.63,11583.36,11578.25,11577.98,11780.99)
Colombia_E <- c(316.82,320.76,325.18,182.62,181.2,188.01,195.2,195.22,222.64,216.67)
France_E	<- c(430.57,412.26,415.98,373.01,375.99,376.73,343.69,349.62,349.4,352.07)
Germany_E <-	c(891.36,834.11,864.77,812.55,826.67,843.91,803.64,807.42,810.14,792.63)
India_E <-	c(2185.08,2339.28,2449.3,2798.04,2947.94,3003.54,3175.79,3188.03,3230.06,3356.7)
Indonesia_E <-	c(2043.38,2478.22,2079.39,2335.3,2357.19,2294.34,2729.18,2776.53,2228.89,2275.4)
Mexico_E	<- c(676.44,660.37,663.2,679.56,669.68,665.44,653.91,680.48,694.52,684.55)
SouthKorea_E <-	c(531.57,545.24,598.01,631.29,636.13,635.5,624.8,646.29,657.41,670.81)
US_E	<- c(6267.37,5865.85,6111.83,6235.82,5936.1,6056.33,6097.71,5973.16,5833.01,5766.92)

#Matrix
Emisiones <- rbind(Brasil_E,China_E,Colombia_E,France_E,Germany_E,India_E,Indonesia_E,
                   Mexico_E,SouthKorea_E,US_E)
rm(Brasil_E,China_E,Colombia_E,France_E,Germany_E,India_E,Indonesia_E,Mexico_E,SouthKorea_E,
   US_E)
colnames(Emisiones) <- Anios
rownames(Emisiones) <- Paises

#Poblacion
Brasil_Pob <- c(192030362,193886508,195713635,197514534,199287296,201035903,202763735,204471769,
                206163058,207833831)
China_Pob <- c(1324655000,1331260000,1337705000,1344130000,1350695000,1357380000,1364270000,
               1371220000,1378665000,1386395000)
Colombia_Pob <- c(44254972,44750054,45222699,45662747,46075721,46495492,46967706,47520667,
                  48175048,48909844)
France_Pob <- c(64374984,64707040,65027507,65342780,65659809,65998687,66312067,66548272,66724104,
                66864379)
Germany_Pob <- c(82110097,81902307,81776930,80274983,80425823,80645605,80982500,81686611,82348669,
                 82657002)
India_Pob <- c(1200669765,1217726215,1234281170,1250288729,1265782790,1280846129,1295604184,1310152403,
               1324509589,1338658835)
Indonesia_Pob <- c(235469762,238620563,241834215,245116206,248452413,251806402,255129004,258383256,
                   261554226,264645886)
Mexico_Pob <- c(110815271,112463887,114092963,115695473,117274155,118827161,120355128,121858258,
                123333376,124777324)
SouthKorea_Pob <- c(49054708,49307835,49554112,49936638,50199853,50428893,50746659,51014947,51217803,
                    51361911)
US_Pob <- c(304093966,306771529,309321666,311556874,313830990,315993715,318301008,320635163,322941311,
            324985539)

#Matrix
Poblacion <- rbind(Brasil_Pob,China_Pob,Colombia_Pob,France_Pob,Germany_Pob,India_Pob,Indonesia_Pob,
                   Mexico_Pob,SouthKorea_Pob,US_Pob)
rm(Brasil_Pob,China_Pob,Colombia_Pob,France_Pob,Germany_Pob,India_Pob,Indonesia_Pob,Mexico_Pob,
   SouthKorea_Pob,US_Pob)
colnames(Poblacion) <- Anios
rownames(Poblacion) <- Paises

